(7.25, 7.25) : (35, 17.25)
(7.25, 7.25) : (23.25, 24.625)
(7.25, 7.25) : (7.25, 33.625)

(7.25, 89.75) : (17.25, 63.375)
(7.25, 89.75) : (23.25, 72.375)
(7.25, 89.75) : (35, 79.75)

(89.75, 89.75) : (62, 79.75)
(89.75, 89.75) : (73.75, 72.375)
(89.75, 89.75) : (79.75, 63.375)

(89.75, 7.25) : (62, 17.25)
(89.75, 7.25) : (73.75, 24.625)
(89.75, 7.25) : (79.75, 33.625)


(7.25, 33.625) : (23.25, 24.625)
(23.25, 24.625) : (35, 17.25)

(17.25, 63.375) : (23.25, 72.375)
(23.25, 72.375) : (35, 79.75)

(62, 79.75) : (73.75, 72.375)
(73.75, 72.375) : (79.75, 63.375)

(79.75, 33.625) : (73.75, 24.625)
(73.75, 24.625) : (62, 17.25)


(35, 79.75) : (62, 79.75)
(23.25, 72.375) : (73.75, 72.375)
(17.25, 63.375) : (79.75, 63.375)

(7.25, 33.625) : (79.75, 33.625)
(23.25, 24.625) : (73.75, 24.625)
(35, 17.25) : (62, 17.25)


(79.75, 63.375) : (79.75, 33.625)

(23.25, 24.625) : (23.25, 72.375)
